corner_C_D_E: [0, 0, 0, 0]
corner_C_D_T: [0, 0, 0, 0]
corner_C_G_E: [0, 0, 0, 0]
corner_C_G_T: [0, 0, 0, 0]
corner_C_S_E: [4.515, 5.0225, -0.125513, 0.992092]
corner_C_S_T: [0, 0, 0, 0]
corner_M_D_E: [0, 0, 0, 0]
corner_M_D_T: [0, 0, 0, 0]
corner_M_G_E: [0.77, 3.85, 1.0, 0.0]
corner_M_G_T: [0.77, 3.85, 1.0, 0.0]
corner_M_S_E: [5.95, 2.7125, 0.988883, 0.148696]
corner_M_S_T: [0, 0, 0, 0]
dropball_C_D_: [0, 0, 0, 0]
dropball_C_G_: [0, 0, 0, 0]
dropball_C_S_: [6.055, 3.8325, 1.0, 0.0]
dropball_M_D_: [0, 0, 0, 0]
dropball_M_G_: [0.77, 3.85, 0.0, 1.0]
dropball_M_S_: [4.5325, 3.815, -0.007936, 0.999969]
freekick_C_D_E: [0, 0, 0, 0]
freekick_C_D_T: [0, 0, 0, 0]
freekick_C_G_E: [0, 0, 0, 0]
freekick_C_G_T: [0, 0, 0, 0]
freekick_C_S_E: [4.515, 5.0225, -0.125513, 0.992092]
freekick_C_S_T: [7.77, 2.66, -0.999717, 0.023789]
freekick_M_D_E: [0, 0, 0, 0]
freekick_M_D_T: [0, 0, 0, 0]
freekick_M_G_E: [0.77, 3.85, 1.0, 0.0]
freekick_M_G_T: [0.77, 3.85, 1.0, 0.0]
freekick_M_S_E: [5.95, 2.7125, 0.988883, 0.148696]
freekick_M_S_T: [2.625, 5.32, -0.046148, 0.998935]
goalkick_C_D_E: [0, 0, 0, 0]
goalkick_C_D_T: [0, 0, 0, 0]
goalkick_C_G_E: [0, 0, 0, 0]
goalkick_C_G_T: [0, 0, 0, 0]
goalkick_C_S_E: [4.515, 5.0225, -0.125513, 0.992092]
goalkick_C_S_T: [8.6975, 2.2925, 0.977161, 0.212499]
goalkick_M_D_E: [0, 0, 0, 0]
goalkick_M_D_T: [0, 0, 0, 0]
goalkick_M_G_E: [0.77, 3.85, 1.0, 0.0]
goalkick_M_G_T: [0.77, 3.85, 1.0, 0.0]
goalkick_M_S_E: [5.95, 2.7125, 0.988883, 0.148696]
goalkick_M_S_T: [1.4875, 5.075, 0.0, 1.0]
kickoff_C_D_E: [0, 0, 0, 0]
kickoff_C_D_T: [0, 0, 0, 0]
kickoff_C_G_E: [0, 0, 0, 0]
kickoff_C_G_T: [0, 0, 0, 0]
kickoff_C_S_E: [4.1825, 4.83, -0.358686, 0.933458]
kickoff_C_S_T: [5.215, 5.005, -0.692832, 0.721099]
kickoff_M_D_E: [3.2025, 5.3725, 0.95557, -0.294765]
kickoff_M_D_T: [5.25, 4.9875, 0.715888, -0.698215]
kickoff_M_G_E: [0.77, 3.85, 1.0, 0.0]
kickoff_M_G_T: [0.77, 3.85, 1.0, 0.0]
kickoff_M_S_E: [5.95, 2.7125, 0.988883, 0.148696]
kickoff_M_S_T: [5.2325, 2.695, 0.721675, 0.692232]
penalty_C_D_: [0, 0, 0, 0]
penalty_C_G_: [0, 0, 0, 0]
penalty_C_S_: [4.4975, 3.815, -0.999981, 0.006097]
penalty_M_D_: [0, 0, 0, 0]
penalty_M_G_: [0, 0, 0, 0]
penalty_M_S_: [6.825, 3.8325, 0.005882, 0.999983]
